6
8
-2 16 1 32
6
8
-1 9 5 6 -1 1 1 1 0 6 1 1 -2 24
20
40
0 800
20
40
-2 50 -1 1 -2 3 -1 4 -2 26 -1 3 -2 2 -1 4 -2 1 -1 4 -2 11 0 2 -2 12 -1 1 -2 6 -1 1 -2 3 -1 1 -2 13 0 1 -2 1 0 1 -2 12 -1 1 -2 7 -1 1 -2 2 -1 1 -2 4 1 4 0 1 -2 6 0 1 -2 12 -1 1 -2 9 -1 1 -2 2 1 3 -2 3 0 2 -2 3 0 1 -2 15 -1 1 -2 1 -1 3 -2 3 -1 1 -2 1 -1 1 -2 1 1 1 -2 1 1 2 -2 5 1 1 -2 1 0 1 -2 3 0 1 -2 12 -1 3 -2 6 -1 2 -2 8 0 1 -2 3 0 1 -2 3 0 1 -2 12 -1 2 -2 7 -1 2 -2 1 1 3 -2 6 1 1 -2 18 -1 2 -2 3 1 1 -2 3 -1 2 -2 7 0 1 -2 3 0 1 -2 17 -1 2 -2 4 1 1 -2 5 1 1 -2 5 0 1 -2 3 0 1 -2 3 0 1 -2 13 -1 2 -2 4 1 1 -2 4 1 2 -2 5 0 1 -2 3 1 1 -2 2 0 1 -2 14 -1 1 -2 5 1 6 -2 5 0 2 -2 3 0 1 -2 17 -1 1 -2 1 -1 1 -2 9 1 1 -2 3 0 4 -2 2 0 1 -2 1 0 1 -2 15 -1 3 -2 11 0 1 -2 3 0 1 -2 1 0 1 -2 1 0 2 -2 22 -1 3 8 1 -2 2 1 1 0 1 -2 5 0 1 -2 2 0 1 -2 22 8 2 -2 2 8 1 -2 1 0 1 1 1 -2 6 0 3 -2 24 8 4 -2 9 1 1 -2 1 0 2 -2 25 8 2 -2 3 1 1 -2 1 1 2 -2 1 1 1 -2 58
