6
8
-2 16 1 32
6
8
-1 9 5 6 -1 1 1 1 0 6 1 1 -2 24
20
40
0 800
6
8
0 24 6 1 7 7 6 1 4 1 6 1 4 1 6 1 4 1 6 1 4 1 1 1 3 1 8 1 1 2 3 1 8 1 1 1
10
29
-2 30 1 1 -2 3 1 3 -2 1 1 3 -2 1 1 3 -2 1 1 3 -2 2 1 1 -2 3 1 1 -2 3 1 1 -2 4 1 1 -2 2 1 1 -2 1 1 1 -2 1 1 1 -2 4 1 1 -2 1 1 1 -2 2 1 1 -2 1 1 1 -2 4 1 1 -2 4 1 1 -2 2 1 1 -2 1 1 1 -2 1 1 1 -2 4 1 1 -2 1 1 1 -2 2 1 1 -2 1 1 1 -2 4 1 1 -2 4 1 1 -2 2 1 2 -2 2 1 1 -2 4 1 1 -2 1 1 1 -2 3 1 1 -2 5 1 1 -2 4 1 1 -2 2 1 1 -2 1 1 1 -2 1 1 1 -2 1 1 1 -2 2 1 1 -2 1 1 1 -2 3 1 1 -2 5 1 1 -2 4 1 1 -2 2 1 1 -2 1 1 1 -2 1 1 1 -2 1 1 1 -2 2 1 1 -2 1 1 1 -2 2 1 1 -2 1 1 1 -2 4 1 1 -2 4 1 1 -2 2 1 1 -2 1 1 1 -2 1 1 1 -2 1 1 1 -2 2 1 1 -2 1 1 1 -2 2 1 1 -2 1 1 1 -2 4 1 3 -2 1 1 3 -2 1 1 2 -2 2 1 3 -2 1 1 3 -2 2 1 1 -2 3 1 1 -2 31
20
10
-2 1 8 1 -2 1 8 1 -2 1 8 1 -2 1 8 1 -2 1 8 1 -2 1 8 1 -2 1 8 1 -2 1 8 1 -2 1 8 1 -2 1 8 1 -2 1 8 1 -2 1 8 1 -2 1 8 1 -2 1 8 1 -2 1 8 1 -2 1 8 1 -2 1 8 1 -2 1 8 1 -2 1 8 1 -2 1 8 1 -2 1 8 1 -2 1 8 1 -2 1 8 1 -2 1 8 1 -2 1 8 1 -2 1 8 1 -2 1 8 1 -2 1 8 1 -2 1 8 1 -2 1 8 1 -2 1 8 1 -2 1 8 1 -2 1 8 1 -2 1 8 1 -2 1 8 1 -2 1 8 1 -2 1 8 1 -2 1 8 1 -2 1 8 1 -2 1 8 1 -2 1 8 1 -2 1 8 1 -2 1 8 1 -2 1 8 1 -2 1 8 1 -2 1 8 1 -2 1 8 1 -2 1 8 1 -2 1 8 1 -2 1 8 1 -2 1 8 1 -2 1 8 1 -2 1 8 1 -2 1 8 1 -2 1 8 1 -2 1 8 1 -2 1 8 1 -2 1 8 1 -2 1 8 1 -2 1 8 1 -2 1 8 1 -2 1 8 1 -2 1 8 1 -2 1 8 1 -2 1 8 1 -2 1 8 1 -2 1 8 1 -2 1 8 1 -2 1 8 1 -2 1 8 1 -2 1 8 1 -2 1 8 1 -2 1 8 1 -2 1 8 1 -2 1 8 1 -2 1 8 1 -2 1 8 1 -2 1 8 1 -2 1 8 1 -2 1 8 1 -2 1 8 1 -2 1 8 1 -2 1 8 1 -2 1 8 1 -2 1 8 1 -2 1 8 1 -2 1 8 1 -2 1 8 1 -2 1 8 1 -2 1 8 1 -2 1 8 1 -2 1 8 1 -2 1 8 1 -2 1 8 1 -2 1 8 1 -2 1 8 1 -2 1 8 1 -2 1 8 1 -2 1 8 1 -2 1 8 1