6
8
-2 16 1 32
6
8
-1 9 5 6 -1 1 1 1 0 6 1 1 -2 24
20
40
0 800
20
10
-2 1 8 1 -2 1 8 1 -2 1 8 1 -2 1 8 1 -2 1 8 1 -2 1 8 1 -2 1 8 1 -2 1 8 1 -2 1 8 1 -2 1 8 1 -2 1 8 1 -2 1 8 1 -2 1 8 1 -2 1 8 1 -2 1 8 1 -2 1 8 1 -2 1 8 1 -2 1 8 1 -2 1 8 1 -2 1 8 1 -2 1 8 1 -2 1 8 1 -2 1 8 1 -2 1 8 1 -2 1 8 1 -2 1 8 1 -2 1 8 1 -2 1 8 1 -2 1 8 1 -2 1 8 1 -2 1 8 1 -2 1 8 1 -2 1 8 1 -2 1 8 1 -2 1 8 1 -2 1 8 1 -2 1 8 1 -2 1 8 1 -2 1 8 1 -2 1 8 1 -2 1 8 1 -2 1 8 1 -2 1 8 1 -2 1 8 1 -2 1 8 1 -2 1 8 1 -2 1 8 1 -2 1 8 1 -2 1 8 1 -2 1 8 1 -2 1 8 1 -2 1 8 1 -2 1 8 1 -2 1 8 1 -2 1 8 1 -2 1 8 1 -2 1 8 1 -2 1 8 1 -2 1 8 1 -2 1 8 1 -2 1 8 1 -2 1 8 1 -2 1 8 1 -2 1 8 1 -2 1 8 1 -2 1 8 1 -2 1 8 1 -2 1 8 1 -2 1 8 1 -2 1 8 1 -2 1 8 1 -2 1 8 1 -2 1 8 1 -2 1 8 1 -2 1 8 1 -2 1 8 1 -2 1 8 1 -2 1 8 1 -2 1 8 1 -2 1 8 1 -2 1 8 1 -2 1 8 1 -2 1 8 1 -2 1 8 1 -2 1 8 1 -2 1 8 1 -2 1 8 1 -2 1 8 1 -2 1 8 1 -2 1 8 1 -2 1 8 1 -2 1 8 1 -2 1 8 1 -2 1 8 1 -2 1 8 1 -2 1 8 1 -2 1 8 1 -2 1 8 1 -2 1 8 1 -2 1 8 1
